image_width: 1024
image_height: 768
camera_name: bfly
camera_matrix:
  rows: 3
  cols: 3
  data: [913.722231310569, 0.0, 504.80344646012867, 0.0, 913.1566730390512, 399.8361981980362, 0.0, 0.0, 1.0]
distortion_model: plumb_bob
distortion_coefficients:
  rows: 1
  cols: 5
  data: [-0.18283121164631724, 0.1052882573565683, 2.1520084358970134e-05, -0.000134454152281679, 0.0]
rectification_matrix:
  rows: 3
  cols: 3
  data: [1, 0, 0, 0, 1, 0, 0, 0, 1]
projection_matrix:
  rows: 3
  cols: 4
  data: [913.722231310569, 0.0, 504.80344646012867, 0.0, 0.0, 913.1566730390512, 399.8361981980362, 0.0, 0.0, 0.0, 1.0, 0.0]
