image_width: 2048
image_height: 1536
camera_name: bfly
camera_matrix:
  rows: 3
  cols: 3
  data: [1821.7168996646237, 0.0, 992.906871791198, 0.0, 1821.9836324020919, 789.860756879406, 0.0, 0.0, 1.0]
distortion_model: plumb_bob
distortion_coefficients:
  rows: 1
  cols: 5
  data: [-0.17975098194251315, 0.0980798589895094, -0.00025151836153390394, 0.00026174102944190227, 0.0]
rectification_matrix:
  rows: 3
  cols: 3
  data: [1, 0, 0, 0, 1, 0, 0, 0, 1]
projection_matrix:
  rows: 3
  cols: 4
  data: [1821.7168996646237, 0.0, 992.906871791198, 0.0, 0.0, 1821.9836324020919, 789.860756879406, 0.0, 0.0, 0.0, 1.0, 0.0]
