image_width: 2048
image_height: 1536
camera_name: bfly
camera_matrix:
  rows: 3
  cols: 3
  data: [1826.4285493421737, 0.0, 1002.2544931462955, 0.0, 1825.8072156104488, 787.4767437450615, 0.0, 0.0, 1.0]
distortion_model: plumb_bob
distortion_coefficients:
  rows: 1
  cols: 5
  data: [-0.18294290326860796, 0.10707780279452253, 1.1595507185276904e-05, 0.00011902962626724061, 0.0]
rectification_matrix:
  rows: 3
  cols: 3
  data: [1, 0, 0, 0, 1, 0, 0, 0, 1]
projection_matrix:
  rows: 3
  cols: 4
  data: [1826.4285493421737, 0.0, 1002.2544931462955, 0.0, 0.0, 1825.8072156104488, 787.4767437450615, 0.0, 0.0, 0.0, 1.0, 0.0]
