image_width: 2048
image_height: 1536
camera_name: bfly
camera_matrix:
  rows: 3
  cols: 3
  data: [1813.110468502676, 0.0, 1029.1638081049894, 0.0, 1812.6829532223562, 781.9724851882077, 0.0, 0.0, 1.0]
distortion_model: plumb_bob
distortion_coefficients:
  rows: 1
  cols: 5
  data: [-0.17798114396424075, 0.09807567762422281, 1.1487056937073055e-06, 0.00012732749307024264, 0.0]
rectification_matrix:
  rows: 3
  cols: 3
  data: [1, 0, 0, 0, 1, 0, 0, 0, 1]
projection_matrix:
  rows: 3
  cols: 4
  data: [1813.110468502676, 0.0, 1029.1638081049894, 0.0, 0.0, 1812.6829532223562, 781.9724851882077, 0.0, 0.0, 0.0, 1.0, 0.0]
